# P(k) z=1 @ z=0 (?) computed by SimLSS and written is ASCII format 
#  Format:  k (Mpc^-1)  P(k)  
9.73615e-05    2546.18          
9.87173e-05     2581.6          
0.000100092    2617.52          
0.000101486    2653.94          
0.000102899    2690.86          
0.000104332    2728.29             
0.000105785    2766.25             
0.000107258    2804.73             
0.000108752    2843.74             
0.000110266     2883.3             
0.000111801     2923.4             
0.000113358    2964.06             
0.000114937    3005.29             
0.000116537    3047.09             
0.00011816    3089.47             
0.000119806    3132.43             
0.000121474    3175.99             
0.000123166    3220.16             
0.000124881    3264.94             
0.00012662    3310.34             
0.000128383    3356.37             
0.000130171    3403.03             
0.000131983    3450.35             
0.000133821    3498.32             
0.000135685    3546.95             
0.000137574    3596.26             
0.00013949    3646.25             
0.000141433    3696.94             
0.000143402    3748.32             
0.000145399    3800.42             
0.000147424    3853.24             
0.000149477    3906.79             
0.000151558    3961.08             
0.000153669    4016.13             
0.000155809    4071.93             
0.000157978    4128.51             
0.000160178    4185.87             
0.000162409    4244.02             
0.00016467    4302.98             
0.000166963    4362.75             
0.000169289    4423.35             
0.000171646    4484.78             
0.000174036    4547.07             
0.00017646    4610.21             
0.000178917    4674.23             
0.000181408    4739.13             
0.000183935    4804.93             
0.000186496    4871.64             
0.000189093    4939.26             
0.000191726    5007.82             
0.000194396    5077.33             
0.000197103    5147.79             
0.000199848    5219.22             
0.000202631    5291.64             
0.000205453    5365.06             
0.000208314    5439.49             
0.000211214    5514.94             
0.000214156    5591.43             
0.000217138    5668.98             
0.000220162    5747.59             
0.000223227    5827.28             
0.000226336    5908.07             
0.000229488    5989.97             
0.000232684    6072.99             
0.000235924    6157.16             
0.000239209    6242.48             
0.00024254    6328.97             
0.000245918    6416.64             
0.000249342    6505.52             
0.000252814    6595.62             
0.000256335    6686.96             
0.000259904    6779.54             
0.000263524    6873.39             
0.000267193    6968.53             
0.000270914    7064.97             
0.000274687    7162.72             
0.000278512    7261.82             
0.00028239    7362.26             
0.000286323    7464.08             
0.00029031    7567.29             
0.000294353     7671.9             
0.000298451    7777.94             
0.000302608    7885.43             
0.000306821    7994.38             
0.000311094    8104.81             
0.000315426    8216.75             
0.000319819     8330.2             
0.000324272     8445.2             
0.000328788    8561.76             
0.000333366     8679.9             
0.000338009    8799.64             
0.000342716    8921.01             
0.000347488    9044.01             
0.000352327    9168.69             
0.000357233    9295.05             
0.000362208    9423.11             
0.000367252    9552.91             
0.000372366    9684.45             
0.000377551    9817.77             
0.000382809    9952.88             
0.00038814    10089.8             
0.000393545    10228.6             
0.000399025    10369.2             
0.000404581    10511.8             
0.000410215    10656.2             
0.000415928    10802.6             
0.00042172    10950.9             
0.000427592    11101.2             
0.000433547    11253.5             
0.000439584    11407.9             
0.000445705    11564.3             
0.000451912    11722.8             
0.000458205    11883.4             
0.000464586    12046.1             
0.000471055      12211             
0.000477615    12378.1             
0.000484266    12547.4             
0.00049101    12718.9             
0.000497847    12892.7             
0.00050478    13068.8             
0.000511809    13247.2             
0.000518936      13428             
0.000526163    13611.1             
0.00053349    13796.6             
0.000540919    13984.6             
0.000548451      14175             
0.000556089    14367.9             
0.000563832    14563.3             
0.000571684    14761.3             
0.000579645    14961.8             
0.000587717    15164.9             
0.000595901    15370.7             
0.000604199    15579.1             
0.000612613    15790.2             
0.000621144    16004.1             
0.000629793    16220.7             
0.000638563      1644          
0.000647456    16662.2             
0.000656472    16887.2             
0.000665613    17115.1             
0.000674882    17345.9             
0.00068428    17579.6             
0.000693809    17816.3             
0.000703471    18055.9             
0.000713267    18298.6             
0.0007232    18544.4             
0.00073327    18793.2             
0.000743481    19045.1             
0.000753835    19300.2             
0.000764332    19558.5             
0.000774976      1982          
0.000785768    20084.8             
0.00079671    20352.8             
0.000807804    20624.1             
0.000819053    20898.7             
0.000830459    21176.7             
0.000842023    21458.2             
0.000853749      21743             
0.000865638    22031.3             
0.000877692    22323.1             
0.000889914    22618.4             
0.000902307    22917.3             
0.000914872    23219.8             
0.000927612    23525.9             
0.000940529    23835.6             
0.000953626      24149             
0.000966906    24466.1             
0.000980371      24787             
0.000994023    25111.6             
0.00100786      2544          
0.0010219    25772.2             
0.00103613    26108.3             
0.00105056    26448.3             
0.00106519    26792.1             
0.00108002    27139.9             
0.00109506    27491.7             
0.00111031    27847.5             
0.00112577    28207.3             
0.00114145    28571.1             
0.00115734      28939             
0.00117346      29311             
0.0011898    29687.1             
0.00120637    30067.4             
0.00122317    30451.8             
0.0012402    30840.4             
0.00125747    31233.3             
0.00127498    31630.4             
0.00129274    32031.7             
0.00131074    32437.3             
0.00132899    32847.2             
0.0013475    33261.4             
0.00136626      3368          
0.00138529    34102.9             
0.00140458    34530.1             
0.00142414    34961.8             
0.00144397    35397.8             
0.00146408    35838.3             
0.00148447    36283.2             
0.00150514    36732.5             
0.0015261    37186.3             
0.00154735    37644.5             
0.0015689    38107.2             
0.00159074    38574.3             
0.0016129    39045.9             
0.00163536    39522.1             
0.00165813    40002.6             
0.00168122    40487.7             
0.00170463    40977.3             
0.00172837    41471.3             
0.00175244    41969.9             
0.00177684    42472.9             
0.00180158    42980.4             
0.00182667    43492.4             
0.00185211    44008.8             
0.0018779    44529.7             
0.00190405      45055             
0.00193057    45584.8             
0.00195745    46118.9             
0.00198471    46657.5             
0.00201235    47200.4             
0.00204037    47747.7             
0.00206878    48299.4             
0.00209759    48855.3             
0.0021268    49415.5             
0.00215642      4998         
0.00218645    50548.7             
0.00221689    51121.6             
0.00224776    51698.7             
0.00227906    52279.9             
0.0023108    52865.2             
0.00234298    53454.5             
0.00237561    54047.8             
0.00240869    54645.1             
0.00244223    55246.3             
0.00247624    55851.3             
0.00251072    56460.2             
0.00254569    57072.8             
0.00258113    57689.1             
0.00261708      58309             
0.00265352    58932.4             
0.00269047    59559.4             
0.00272794    60189.8             
0.00276593    60823.5             
0.00280444    61460.6             
0.0028435    62100.8             
0.00288309    62744.2             
0.00292324    63390.6             
0.00296395    64039.9             
0.00300522    64692.2             
0.00304707    65347.1             
0.0030895    66004.8             
0.00313253    66665.1             
0.00317615    67327.8             
0.00322038    67992.9             
0.00326522    68660.3             
0.00331069    69329.8             
0.00335679    70001.3             
0.00340354    70674.8             
0.00345094      7135          
0.00349899      72027             
0.00354772    72705.4             
0.00359712    73385.3             
0.00364721    74066.5             
0.003698    74748.8             
0.0037495    75432.1             
0.00380171    76116.2             
0.00385465      76801             
0.00390833    77486.4             
0.00396275    78172.2             
0.00401793    78858.1             
0.00407389    79544.2             
0.00413062    80230.1             
0.00418814    80915.7             
0.00424646    81600.9             
0.00430559    82285.4             
0.00436555    82969.2             
0.00442634    83651.8             
0.00448798    84333.3             
0.00455048    85013.4             
0.00461384    85691.8             
0.00467809    86368.5             
0.00474324    87043.1             
0.00480929    87715.5             
0.00487626    88385.4             
0.00494417    89052.7             
0.00501301      89717             
0.00508282    90378.3             
0.0051536    91036.1             
0.00522537    91690.3             
0.00529813    92340.7             
0.00537191      92987             
0.00544672    93628.9             
0.00552257    94266.2             
0.00559947    94898.6             
0.00567745    95525.9             
0.00575651    96147.8             
0.00583667      96764             
0.00591795    97374.2             
0.00600036    97978.1             
0.00608391    98575.5             
0.00616863      99166             
0.00625454    99749.4             
0.00634163     100325             
0.00642994     100894             
0.00651948     101454             
0.00661027     102005             
0.00670232     102548             
0.00679565     103082             
0.00689028     103607             
0.00698623     104122             
0.00708352     104627             
0.00718216     105121             
0.00728218     105604             
0.00738358     106077             
0.0074864     106538             
0.00759065     106987             
0.00769636     107424             
0.00780353     107848             
0.0079122     108259             
0.00802238     108657             
0.00813409     109041             
0.00824736     109411             
0.00836221     109766             
0.00847866     110107             
0.00859673     110432             
0.00871644     110741             
0.00883782     111034             
0.00896089     11131          
0.00908568     111569             
0.0092122     111811             
0.00934048     112035             
0.00947055     112241             
0.00960243     112428             
0.00973615     112596             
0.00987173     112744             
0.0100092     112872             
0.0101486     11298          
0.0102899     113067             
0.0104332     113133             
0.0105785     113177             
0.0107258     113199             
0.0108752     113199             
0.0110266     113176             
0.0111801     11313            
0.0113358     11306             
0.0114937     112966             
0.0116537     112848             
0.011816     112706             
0.0119806     112539             
0.0121474     112346             
0.0123166     112128             
0.0124881     111885             
0.012662     111615             
0.0128383     11132            
0.0130171     110998             
0.0131983     11065           
0.0133821     110276             
0.0135685     109875             
0.0137574     109448             
0.013949     108994             
0.0141433     108513             
0.0143402     108006             
0.0145399     107473             
0.0147424     106914             
0.0149477     106329             
0.0151558     105719             
0.0153669     105083             
0.0155809     104423             
0.0157978     103738             
0.0160178     10303        
0.0162409     102298             
0.016467     101543             
0.0166963     100766             
0.0169289    99967.9             
0.0171646    99149.1             
0.0174036    98310.5             
0.017646      97453             
0.0178917    96577.4             
0.0181408    95684.8             
0.0183935    94776.1             
0.0186496    93852.3             
0.0189093    92914.5             
0.0191726    91963.9             
0.0194396    91001.5             
0.0197103    90028.6             
0.0199848    89046.2             
0.0202631    88055.7             
0.0205453    87058.3             
0.0208314    86055.1             
0.0211214    85047.4             
0.0214156    84036.5             
0.0217138    83023.5             
0.0220162    82009.8             
0.0223227    80996.4             
0.0226336    79984.6             
0.0229488    78975.6             
0.0232684    77970.4             
0.0235924    76970.3             
0.0239209    75976.4             
0.024254    74989.6             
0.0245918      74011             
0.0249342    73041.5             
0.0252814    72082.2             
0.0256335    71133.9             
0.0259904    70197.5             
0.0263524    69273.8             
0.0267193    68363.5             
0.0270914    67467.5             
0.0274687    66586.3             
0.0278512    65720.6             
0.028239    64871.1             
0.0286323    64038.1             
0.029031    63222.3             
0.0294353    62424.1             
0.0298451    61643.8             
0.0302608    60881.7             
0.0306821    60138.2             
0.0311094    59413.4             
0.0315426    58707.6             
0.0319819    58020.7             
0.0324272    57352.8             
0.0328788    56703.7             
0.0333366    56073.5             
0.0338009    55461.7             
0.0342716    54868.1             
0.0347488    54292.3             
0.0352327    53733.6             
0.0357233    53191.5             
0.0362208      52665             
0.0367252    52153.4             
0.0372366    51655.5             
0.0377551    51170.3             
0.0382809    50696.2             
0.038814      50232             
0.0393545    49775.8             
0.0399025    49326.1             
0.0404581      48881             
0.0410215    48438.3             
0.0415928    47995.9             
0.042172    47551.7             
0.0427592    47103.3             
0.0433547    46648.3             
0.0439584    46184.3             
0.0445705    45708.9             
0.0451912    45219.7             
0.0458205    44714.4             
0.0464586    44190.8             
0.0471055      43647             
0.0477615    43081.1             
0.0484266    42491.6             
0.049101    41877.1             
0.0497847      41237             
0.050478    40570.6             
0.0511809      39878             
0.0518936    39159.6             
0.0526163    38416.4             
0.053349    37649.8             
0.0540919    36861.7             
0.0548451    36054.7             
0.0556089    35231.7             
0.0563832    34396.2             
0.0571684    33551.9             
0.0579645    32703.2             
0.0587717    31854.3             
0.0595901    31009.9             
0.0604199    30174.8             
0.0612613    29353.8             
0.0621144    28551.4             
0.0629793    27772.1             
0.0638563    27020.2             
0.0647456    26299.3             
0.0656472    25612.9             
0.0665613    24963.6             
0.0674882    24353.7             
0.068428    23784.5             
0.0693809      23257             
0.0703471      22771             
0.0713267    22325.8             
 0.07232    21919.8             
0.073327    21550.6             
0.0743481    21215.2             
0.0753835    20909.7             
0.0764332    20629.5             
0.0774976    20369.7             
0.0785768    20124.6             
0.079671    19888.5             
0.0807804    19655.2             
0.0819053    19418.7             
0.0830459    19173.2             
0.0842023    18913.5             
0.0853749    18634.9             
0.0865638    18333.6             
0.0877692    18006.9             
0.0889914    17653.5             
0.0902307    17273.3             
0.0914872    16867.7             
0.0927612    16439.3             
0.0940529    15992.2             
0.0953626    15531.3             
0.0966906    15062.6             
0.0980371    14592.4             
0.0994023    14127.4             
0.100786    13674.1             
 0.10219    13238.7             
0.103613    12826.4             
0.105056    12441.5             
0.106519    12087.2             
0.108002    11765.4             
0.109506    11476.2             
0.111031    11218.6             
0.112577    10990.2             
0.114145    10787.1             
0.115734    10604.5             
0.117346    10436.7             
 0.11898    10277.4             
0.120637    10120.3             
0.122317     9959.4             
 0.12402    9789.31             
0.125747    9605.84             
0.127498    9406.25             
0.129274    9189.52             
0.131074    8956.39             
0.132899    8709.31             
 0.13475    8452.21             
0.136626    8190.09             
0.138529    7928.54             
0.140458     7673.2             
0.142414    7429.25             
0.144397    7200.91             
0.146408    6991.12             
0.148447    6801.24             
0.150514    6631.05             
 0.15261    6478.74             
0.154735    6341.16             
 0.15689    6214.17             
0.159074    6093.06             
 0.16129    5973.13             
0.163536    5850.18             
0.165813    5721.05             
0.168122    5583.98             
0.170463    5438.77             
0.172837    5286.79             
0.175244    5130.66             
0.177684    4973.86             
0.180158    4820.14             
0.182667    4672.96             
0.185211    4534.95             
 0.18779    4407.62             
0.190405    4291.13             
0.193057    4184.35             
0.195745    4085.13             
0.198471    3990.69             
0.201235    3898.11             
0.204037    3804.88             
0.206878    3709.29             
0.209759    3610.72             
 0.21268    3509.68             
0.215642    3407.62             
0.218645     3306.5             
0.221689     3208.4             
0.224776    3114.98             
0.227906    3027.19             
 0.23108    2945.08             
0.234298    2867.89             
0.237561    2794.26             
0.240869    2722.63             
0.244223    2651.62             
0.247624    2580.35             
0.251072    2508.63             
0.254569    2436.92             
0.258113    2366.12             
0.261708    2297.24             
0.265352    2231.12             
0.269047    2168.14             
0.272794    2108.17             
0.276593    2050.67             
0.280444    1994.89             
 0.28435    1940.12             
0.288309    1885.94             
0.292324    1832.29             
0.296395    1779.45             
0.300522    1727.87             
0.304707    1677.96             
 0.30895    1629.92             
0.313253    1583.72             
0.317615    1539.07             
0.322038    1495.63             
0.326522    1453.09             
0.331069    1411.35             
0.335679    1370.45             
0.340354    1330.57             
0.345094    1291.88             
0.349899    1254.47             
0.354772    1218.28             
0.359712    1183.16             
0.364721    1148.96             
  0.3698    1115.56             
 0.37495    1082.95             
0.380171    1051.19             
0.385465    1020.35             
0.390833    990.451             
0.396275    961.464             
0.401793    933.305             
0.407389     905.89             
0.413062    879.179             
0.418814    853.176             
0.424646    827.909             
0.430559    803.393             
0.436555    779.607             
0.442634    756.503             
0.448798    734.029             
0.455048     712.16             
0.461384    690.897             
0.467809    670.251             
0.474324    650.219             
0.480929    630.772             
0.487626    611.874             
0.494417    593.497             
0.501301    575.636             
0.508282    558.295             
 0.51536    541.471             
0.522537     525.14             
0.529813    509.272             
0.537191    493.849             
0.544672    478.871             
0.552257    464.338             
0.559947    450.237             
0.567745    436.546             
0.575651    423.243             
0.583667    410.324             
0.591795    397.791             
0.600036    385.633             
0.608391     373.83             
0.616863    362.366             
0.625454    351.238             
0.634163    340.445             
0.642994    329.975             
0.651948    319.811             
0.661027    309.943             
0.670232    300.369             
0.679565    291.086             
0.689028    282.079             
0.698623    273.335             
0.708352    264.852             
0.718216    256.627             
0.728218     248.65             
0.738358    240.907             
 0.74864    233.396             
0.759065    226.115             
0.769636    219.053             
0.780353    212.201             
 0.79122    205.556             
0.802238    199.116             
0.813409    192.869             
0.824736    186.809             
0.836221    180.935             
0.847866    175.241             
0.859673    169.717             
0.871644    164.363             
0.883782    159.174             
0.896089    154.142             
0.908568    149.263             
 0.92122    144.536             
0.934048    139.952             
0.947055    135.509             
0.960243    131.204             
0.973615    127.031             
0.987173    122.985             
 1.00092    119.066             
 1.01486    115.268             
 1.02899    111.586             
 1.04332     108.02             
 1.05785    104.563             
 1.07258    101.214             
 1.08752    97.9693             
 1.10266     94.825             
 1.11801    91.7793             
 1.13358    88.8286             
 1.14937    85.9696             
 1.16537    83.2007             
  1.1816    80.5179             
 1.19806    77.9195             
 1.21474    75.4026             
 1.23166    72.9646             
 1.24881    70.6036             
  1.2662    68.3165             
 1.28383    66.1019             
 1.30171    63.9569             
 1.31983    61.8798             
 1.33821    59.8683             
 1.35685    57.9205             
 1.37574    56.0345             
  1.3949    54.2082             
 1.41433    52.4401             
 1.43402     50.728             
 1.45399    49.0705             
 1.47424    47.4657             
 1.49477    45.9121             
 1.51558    44.4081             
 1.53669    42.9522             
 1.55809    41.5428             
 1.57978    40.1785             
 1.60178     38.858             
 1.62409    37.5798             
  1.6467    36.3428             
 1.66963    35.1453             
 1.69289    33.9865             
 1.71646     32.865             
 1.74036    31.7796             
  1.7646    30.7293             
 1.78917    29.7128             
 1.81408    28.7293             
 1.83935    27.7775             
 1.86496    26.8566             
 1.89093    25.9655             
 1.91726    25.1034             
 1.94396    24.2692             
 1.97103    23.4621             
 1.99848    22.6813             
 2.02631     21.926             
 2.05453    21.1952             
 2.08314    20.4883             
 2.11214    19.8044             
 2.14156     19.143             
 2.17138    18.5031             
 2.20162    17.8842             
 2.23227    17.2855             
 2.26336    16.7065             
 2.29488    16.1465             
 2.32684    15.6049             
 2.35924    15.0811             
 2.39209    14.5745             
  2.4254    14.0846             
 2.45918    13.6109             
 2.49342    13.1528             
 2.52814    12.7097             
 2.56335    12.2814             
 2.59904    11.8672             
 2.63524    11.4666             
 2.67193    11.0794             
 2.70914     10.705             
 2.74687     10.343             
 2.78512      9.993             
  2.8239    9.65464             
 2.86323    9.32753             
  2.9031     9.0113             
 2.94353     8.7056             
 2.98451    8.41008             
 3.02608    8.12441             
 3.06821    7.84828             
 3.11094    7.58137             
 3.15426    7.32337             
 3.19819    7.07401             
 3.24272    6.83298             
 3.28788    6.60003             
 3.33366    6.37489             
 3.38009    6.15729             
 3.42716      5.947             
 3.47488    5.74377             
 3.52327    5.54737             
 3.57233    5.35757             
 3.62208    5.17416             
 3.67252    4.99693             
 3.72366    4.82567             
 3.77551    4.66019             
 3.82809    4.50029             
  3.8814    4.34579             
 3.93545     4.1965             
 3.99025    4.05227             
 4.04581    3.91292             
 4.10215    3.77828             
 4.15928    3.64821             
  4.2172    3.52254             
 4.27592    3.40114             
 4.33547    3.28386             
 4.39584    3.17056             
 4.45705    3.06112             
 4.51912    2.95539             
 4.58205    2.85326             
 4.64586    2.75462             
 4.71055    2.65933             
 4.77615    2.56729             
 4.84266    2.47839             
  4.9101    2.39252             
 4.97847    2.30959             
  5.0478    2.22949             
 5.11809    2.15213             
 5.18936    2.07741             
 5.26163    2.00526             
  5.3349    1.93557             
 5.40919    1.86828             
 5.48451    1.80329             
 5.56089    1.74053             
 5.63832    1.67993             
 5.71684    1.62141             
 5.79645     1.5649             
 5.87717    1.51034             
 5.95901    1.45765             
 6.04199    1.40677             
 6.12613    1.35765             
 6.21144    1.31022             
 6.29793    1.26443             
 6.38563    1.22022             
 6.47456    1.17753             
 6.56472    1.13632             
 6.65613    1.09653             
 6.74882    1.05812             
  6.8428    1.02104             
 6.93809   0.985238             
 7.03471   0.950679             
 7.13267   0.917317             
   7.232   0.885112             
  7.3327   0.854024             
 7.43481   0.824015             
 7.53835   0.795048             
 7.64332   0.767087             
 7.74976   0.740098             
 7.85768   0.714047             
  7.9671   0.688903             
 8.07804   0.664634             
 8.19053    0.64121             
 8.30459   0.618603             
 8.42023   0.596783             
 8.53749   0.575724             
 8.65638   0.555401             
 8.77692   0.535786             
 8.89914   0.516857             
 9.02307   0.498589             
 9.14872    0.48096             
 9.27612   0.463947             
 9.40529   0.447529             
 9.53626   0.431687             
 9.66906   0.416399             
 9.80371   0.401646             
 9.94023   0.387411             
 10.0786   0.373675             
  10.219   0.360421             
 10.3613   0.347633             
 10.5056   0.335293             
 10.6519   0.323387             
 10.8002   0.311899             
 10.9506   0.300816             
 11.1031   0.290122             
 11.2577   0.279804             
 11.4145    0.26985             
 11.5734   0.260246             
 11.7346   0.250981             
  11.898   0.242042             
 12.0637   0.233419             
 12.2317     0.2251             
  12.402   0.217074             
 12.5747   0.209332             
 12.7498   0.201864             
 12.9274   0.194659             
 13.1074   0.187709             
 13.2899   0.181005             
  13.475   0.174538             
 13.6626     0.1683             
 13.8529   0.162283             
 14.0458   0.156479             
 14.2414    0.15088             
 14.4397    0.14548             
 14.6408   0.140272             
 14.8447   0.135248             
 15.0514   0.130403             
  15.261    0.12573             
 15.4735   0.121223             
  15.689   0.116876             
 15.9074   0.112683             
  16.129   0.108639             
 16.3536    0.10474             
 16.5813   0.100979             
 16.8122   0.0973519             
 17.0463   0.0938541             
 17.2837   0.0904809             
 17.5244   0.0872278             
 17.7684   0.0840908             
 18.0158   0.0810656             
 18.2667   0.0781484             
 18.5211   0.0753353             
  18.779   0.0726226             
 19.0405   0.0700068             
 19.3057   0.0674844             
 19.5745   0.0650522             
 19.8471   0.0627069             
 20.1235   0.0604455             
 20.4037   0.058265             
 20.6878   0.0561626             
 20.9759   0.0541354             
  21.268   0.0521808             
 21.5642   0.0502962             
 21.8645   0.0484792             
 22.1689   0.0467273             
 22.4776   0.0450382             
 22.7906   0.0434097             
  23.108   0.0418396             
 23.4298   0.0403259             
 23.7561   0.0388666             
 24.0869   0.0374596             
 24.4223   0.0361032             
 24.7624   0.0347956             
 25.1072   0.033535             
 25.4569   0.0323197             
 25.8113   0.0311481             
 26.1708   0.0300187             
 26.5352   0.0289299             
 26.9047   0.0278804             
 27.2794   0.0268686             
 27.6593   0.0258933             
 28.0444   0.0249532             
  28.435   0.0240469             
 28.8309   0.0231734             
 29.2324   0.0223313             
 29.6395   0.0215196             
 30.0522   0.0207373             
 30.4707   0.0199831             
  30.895   0.0192562             
 31.3253   0.0185556             
 31.7615   0.0178803             
 32.2038   0.0172294             
 32.6522   0.016602             
 33.1069   0.0159973             
 33.5679   0.0154145             
 34.0354   0.0148528             
 34.5094   0.0143114             
 34.9899   0.0137897             
 35.4772   0.0132868             
 35.9712   0.0128021             
 36.4721   0.012335             
   36.98   0.0118849             
  37.495   0.0114511             
 38.0171   0.0110329             
 38.5465    0.01063             
 39.0833   0.0102417             
 39.6275   0.00986749             
 40.1793   0.00950686             
 40.7389   0.00915933             
 41.3062   0.00882442             
 41.8814   0.00850169             
 42.4646   0.00819068             
 43.0559   0.00789098             
 43.6555   0.00760218             
 44.2634   0.00732389             
 44.8798   0.00705572             
 45.5048   0.00679731             
 46.1384   0.00654831             
 46.7809   0.00630838             
 47.4324   0.00607718             
 48.0929   0.00585441             
 48.7626   0.00563976             
 49.4417   0.00543293             
 50.1301   0.00523364             
 50.8282   0.00504162             
  51.536   0.0048566             
 52.2537   0.00467833             
 52.9813   0.00450657             
 53.7191   0.00434108             
 54.4672   0.00418164             
 55.2257   0.00402801             
 55.9947    0.00388             
 56.7745   0.0037374             
 57.5651     0.0036             
 58.3667   0.00346763             
 59.1795   0.00334011             
 60.0036   0.00321724             
 60.8391   0.00309887             
 61.6863   0.00298483             
 62.5454   0.00287497             
 63.4163   0.00276912             
 64.2994   0.00266716             
 65.1948   0.00256892             
 66.1027   0.00247429             
 67.0232   0.00238312             
 67.9565   0.0022953             
 68.9028   0.00221069             
 69.8623   0.00212919             
 70.8352   0.00205067             
 71.8216   0.00197504             
 72.8218   0.00190218             
 73.8358   0.001832             
  74.864   0.00176439             
 75.9065   0.00169926             
 76.9636   0.00163653             
 78.0353   0.0015761             
  79.122   0.00151788             
 80.2238   0.00146181             
 81.3409   0.0014078             
 82.4736   0.00135578             
 83.6221   0.00130567             
 84.7866   0.0012574             
 85.9673   0.0012109             
 87.1644   0.00116612             
 88.3782   0.00112299             
 89.6089   0.00108144             
 90.8568   0.00104142             
  92.122   0.00100288             
 93.4048   0.000965757             
 94.7055   0.000930001             
 96.0243   0.000895562             
 97.3615   0.000862393             
